1201 1 5 B 2 0
1202 1 2 N 0 0
1203 0 2 N 0 0
1204 1 5 B 2 0
1205 1 5 B 1 0
1206 0 2 N 0 0
1207 0 4 N 0 0
1208 0 2 N 0 0
1209 1 5 B 2 1
1210 1 3 N 0 1
1211 1 5 B 1 0
1212 1 5 B 1 0
1213 1 5 B 1 0
1214 0 4 B 0 0
1215 1 4 N 1 0
1216 0 3 N 0 0
1217 1 3 N 0 0
1218 1 2 N 0 0
1219 1 4 B 2 1
1220 0 2 N 0 1
1221 1 5 B 1 0
1222 1 4 N 0 0
1223 0 4 N 0 0
1224 0 4 N 0 0
1225 1 2 N 0 0
1226 0 2 N 0 0
1227 0 2 N 0 0
1228 1 5 B 0 0
1229 1 5 B 1 0
1230 0 2 N 0 0
1231 1 3 N 0 0
1232 1 5 B 0 0
1233 0 1 N 0 0
1234 1 2 N 0 0
1235 1 1 N 0 1
1236 1 3 N 0 0
1237 0 1 N 0 1
1238 1 4 N 0 0
1239 1 4 B 0 0
1240 1 5 B 1 1
1241 0 1 N 0 1
1242 1 5 B 1 0
1243 1 5 B 2 1
1244 1 4 B 1 0
1245 1 5 B 1 0
1246 1 5 B 1 0
1247 1 5 B 1 1
1248 1 5 B 0 0
1249 1 4 B 0 0
1250 0 2 N 0 0
1251 0 2 N 0 0
1252 1 2 N 0 1
1253 1 3 N 0 0
1254 1 4 N 0 0
1255 1 3 N 0 0
1256 1 5 B 1 0
1257 0 3 N 0 0
1258 1 1 N 0 0
1259 0 2 N 0 0
1260 0 2 N 0 0
1261 1 5 B 1 0
1262 1 4 B 1 0
1263 1 3 N 0 0
1264 0 4 B 0 0
1265 0 3 N 0 1
1266 1 5 B 0 0
1267 1 2 N 0 0
1268 1 4 N 0 0
1269 1 5 B 1 0
1270 1 5 B 1 0
1271 1 4 N 0 0
1272 1 1 N 0 1
1273 1 5 B 1 0
1274 1 5 B 0 0
1275 0 2 N 0 0
1276 0 3 N 0 0
1277 1 5 B 1 0
1278 1 2 N 0 1
1279 1 5 B 2 0
1280 1 4 N 0 0
1281 1 2 N 1 0
1282 1 4 N 0 0
1283 1 5 B 2 1
1284 0 3 N 0 0
1285 1 4 N 0 0
1286 1 5 B 1 0
1287 1 5 B 1 0
1288 1 5 B 1 0
1289 0 1 N 0 0
1290 1 2 N 0 0
1291 1 5 B 0 0
1292 1 5 B 1 0
1293 0 2 N 0 0
1294 1 4 N 0 0
1295 1 3 N 1 1
1296 1 4 N 0 0
1297 1 5 B 1 0
1298 1 5 B 1 0
1299 1 5 B 1 0
1300 1 3 N 0 0
1301 1 3 N 0 0
1302 1 5 B 1 0
1303 0 2 N 0 1
1304 0 2 N 0 0
1305 1 5 B 1 0
1306 1 3 N 0 0
1307 0 3 N 0 0
1308 1 2 N 0 1
1309 1 3 N 0 0
1310 1 5 B 1 0
1311 1 5 B 1 0
1312 0 2 N 0 0
1313 0 2 N 0 0
1314 1 5 B 0 0
1315 1 5 B 1 0
1316 1 5 B 0 0
1317 1 5 B 1 0
1318 0 1 N 0 1
1319 1 5 B 2 0
1320 0 1 N 0 1
1321 1 4 N 1 1
1322 0 1 N 0 1
1323 1 5 B 0 0
1324 0 4 N 0 0
1325 1 5 B 1 0
1326 1 5 B 1 1
1327 1 2 N 0 0
1328 1 5 B 1 1
1329 1 2 N 0 0
1330 1 3 N 0 0
1331 0 1 N 0 1
1332 1 5 B 1 0
1333 0 1 N 0 1
1334 1 4 N 0 0
1335 0 3 N 0 0
1336 1 5 B 1 0
1337 1 5 B 1 0
1338 0 1 N 0 0
1339 0 2 N 0 0
1340 0 1 N 0 0
1341 1 5 B 2 1
1342 1 5 B 1 0
1343 1 5 B 1 0
1344 1 5 B 1 1
1345 0 3 N 0 0
1346 1 2 N 0 0
1347 1 3 N 0 1
1348 1 5 B 2 1
1349 0 1 N 0 1
1350 1 5 B 1 0
1351 0 2 N 0 0
1352 1 2 N 0 0
1353 0 2 N 0 1
1354 1 3 N 0 0
1355 0 2 N 0 1
1356 1 5 B 1 0
1357 0 1 N 0 0
1358 1 5 B 1 0
1359 1 3 N 0 0
1360 0 2 N 0 0
1361 0 1 N 0 1
1362 0 1 N 0 0
1363 0 3 N 0 0
1364 1 5 B 0 0
1365 0 2 N 0 0
1366 0 1 N 0 1
1367 1 1 N 0 0
1368 1 4 N 0 0
1369 1 4 N 0 0
1370 1 4 N 1 0
1371 0 1 N 0 0
1372 1 2 N 0 0
1373 1 2 N 0 0
1374 1 4 N 0 0
1375 0 2 N 0 0
1376 0 1 N 0 0
1377 1 5 B 1 1
1378 1 4 N 1 0
1379 1 1 N 0 1
1380 1 5 B 1 0
1381 1 5 B 2 1
1382 1 5 B 0 0
1383 0 2 N 0 0
1384 1 4 N 0 0
1385 0 2 N 0 1
1386 1 3 N 0 0
1387 1 5 B 1 0
1388 1 5 B 2 1
1389 0 2 N 0 0
1390 1 5 B 0 0
1391 1 5 B 2 0
1392 1 5 B 2 1
1393 1 3 N 1 0
1394 0 4 N 0 0
1395 1 4 N 0 0
1396 1 5 B 2 0
1397 1 2 N 0 0
1398 0 4 B 0 0
1399 1 3 N 0 0
1400 1 5 B 2 0
1401 1 3 N 0 0
1402 1 5 B 0 0
1403 0 2 N 0 0
1404 1 5 B 1 0
1405 1 3 N 0 0
1406 0 2 N 0 1
1407 0 1 N 0 0
1408 1 4 N 0 0
1409 1 2 N 0 0
1410 1 5 B 1 1
1411 1 5 B 2 1
1412 0 1 N 0 1
1413 0 2 N 0 0
1414 1 5 B 2 1
1415 1 4 N 0 0
1416 1 5 B 1 0
1417 1 1 N 0 1
1418 0 1 N 0 0
1419 0 2 N 0 1
1420 1 4 N 0 0
1421 1 5 B 2 0
1422 1 5 B 0 0
1423 0 1 N 0 1
1424 1 5 B 1 1
1425 0 1 N 0 0
1426 0 2 N 0 0
1427 0 2 N 0 1
1428 0 3 N 0 0
1429 1 5 B 2 1
1430 0 4 N 0 0
1431 1 5 B 1 0
1432 1 5 B 1 0
1433 1 5 B 0 0
1434 0 1 N 0 1
1435 0 4 B 0 0
1436 0 1 N 0 1
1437 0 1 N 0 1
1438 1 3 N 0 1
1439 1 5 B 1 0
1440 1 5 B 1 1
1441 0 1 N 0 0
1442 1 4 N 0 0
1443 1 5 B 0 0
1444 1 5 B 2 1
1445 1 5 B 1 1
1446 0 1 N 0 0
1447 1 5 B 0 0
1448 0 1 N 0 1
1449 0 2 N 0 0
1450 1 3 N 0 0
1451 1 2 N 0 0
1452 1 5 B 2 1
1453 1 4 N 0 0
1454 1 4 N 1 1
1455 1 3 N 0 0
1456 1 5 B 2 0
1457 0 1 N 0 1
1458 1 2 N 0 1
1459 1 4 N 1 0
1460 1 4 B 1 0
1461 1 5 B 2 0
1462 1 5 B 1 0
1463 0 1 N 0 1
1464 1 5 B 0 0
1465 1 5 B 1 1
1466 0 4 N 0 0
1467 1 5 B 1 0
1468 0 1 N 0 1
1469 1 4 B 1 1
1470 1 5 B 0 0
1471 1 5 B 2 0
1472 1 5 B 1 0
1473 1 5 B 1 0
1474 1 5 B 1 0
1475 1 5 B 2 0
1476 0 1 N 0 1
1477 1 5 B 1 0
1478 1 4 N 0 0
1479 0 1 N 0 0
1480 0 3 N 0 1
1481 0 5 B 1 0
1482 1 5 B 0 0
1483 0 5 B 0 0
1484 1 2 N 0 1
1485 0 2 N 0 0
1486 1 2 N 0 1
1487 1 5 B 1 0
1488 1 4 N 0 0
1489 0 1 N 0 1
1490 1 3 N 1 1
1491 1 5 B 0 0
1492 0 1 N 0 1
1493 1 5 B 1 1
1494 0 3 N 0 0
1495 1 5 B 1 0
1496 1 5 B 1 0
1497 1 5 B 0 0
1498 0 2 N 0 1
1499 0 1 N 0 0
1500 1 4 B 1 0
