0301 0 2 N 0 0
0302 1 4 N 1 0
0303 1 2 N 0 0
0304 1 5 B 2 1
0305 1 5 B 1 0
0306 1 5 B 1 0
0307 1 5 B 1 0
0308 1 3 N 0 1
0309 1 4 N 0 0
0310 0 3 N 1 0
0311 1 5 B 1 0
0312 1 5 B 1 0
0313 1 4 N 0 0
0314 1 4 N 0 0
0315 1 5 B 2 1
0316 1 4 N 0 0
0317 1 5 B 1 0
0318 0 1 N 0 1
0319 1 5 B 1 0
0320 1 4 N 0 0
0321 0 3 N 0 0
0322 1 3 N 0 0
0323 1 4 N 0 0
0324 0 5 B 1 0
0325 0 2 N 0 0
0326 0 3 N 0 0
0327 1 3 N 0 0
0328 1 5 B 1 0
0329 1 5 B 1 0
0330 0 1 N 0 1
0331 0 1 N 0 1
0332 1 2 N 0 1
0333 1 5 B 1 0
0334 1 3 N 0 0
0335 1 3 N 0 0
0336 0 2 N 0 0
0337 1 4 N 1 0
0338 1 3 N 0 0
0339 1 3 N 0 0
0340 0 2 N 0 0
0341 1 5 B 1 0
0342 1 3 N 0 0
0343 1 4 B 1 0
0344 1 2 N 0 0
0345 1 4 B 0 0
0346 1 2 N 0 0
0347 1 3 N 0 0
0348 1 4 B 0 0
0349 1 5 B 1 0
0350 1 4 N 0 0
0351 1 4 N 0 0
0352 1 3 N 0 0
0353 1 1 N 0 1
0354 1 5 B 1 0
0355 1 5 B 1 0
0356 1 5 B 1 1
0357 1 4 B 1 0
0358 1 4 B 1 0
0359 1 4 N 0 0
0360 1 2 N 0 0
0361 1 5 B 1 0
0362 1 3 N 1 0
0363 0 3 N 0 0
0364 1 4 N 1 0
0365 1 2 N 0 0
0366 1 2 N 0 0
0367 1 4 B 0 0
0368 1 5 B 2 0
0369 1 5 B 2 0
0370 1 4 B 0 0
0371 0 3 N 0 0
0372 1 5 B 1 0
0373 1 3 N 0 0
0374 0 2 N 1 0
0375 1 5 B 1 0
0376 1 5 B 1 1
0377 1 5 B 2 0
0378 1 5 B 2 1
0379 1 3 N 0 0
0380 1 3 N 0 0
0381 0 3 N 0 0
0382 1 2 N 0 0
0383 1 2 N 0 0
0384 1 5 B 1 0
0385 0 1 N 0 0
0386 1 2 N 0 1
0387 1 5 B 2 1
0388 1 4 B 0 0
0389 1 4 N 0 0
0390 1 1 N 0 1
0391 1 5 B 1 1
0392 1 5 B 2 1
0393 1 5 B 1 1
0394 1 2 N 0 1
0395 1 1 N 0 1
0396 1 5 B 1 0
0397 1 4 N 1 0
0398 0 1 N 0 1
0399 1 5 B 1 0
0400 1 4 B 1 0
0401 1 5 B 1 0
0402 1 5 B 1 0
0403 1 4 N 0 0
0404 1 5 B 1 0
0405 1 3 N 0 0
0406 1 2 N 0 0
0407 1 5 B 1 0
0408 1 5 B 2 0
0409 1 5 B 1 0
0410 1 5 B 1 0
0411 1 1 N 0 1
0412 1 4 N 0 0
0413 1 3 N 0 0
0414 0 3 N 0 0
0415 1 5 B 2 0
0416 1 5 B 1 1
0417 1 3 N 0 0
0418 1 5 B 1 0
0419 1 5 B 1 0
0420 0 3 B 0 0
0421 1 5 B 1 0
0422 1 4 N 0 0
0423 0 3 N 0 1
0424 1 5 B 1 0
0425 1 5 B 2 1
0426 0 2 N 0 0
0427 1 5 B 1 0
0428 1 3 N 0 0
0429 1 5 B 1 0
0430 1 5 B 2 1
0431 0 1 N 0 1
0432 1 5 B 2 0
0433 0 4 N 0 0
0434 0 2 N 0 0
0435 1 3 N 0 0
0436 1 4 N 0 0
0437 1 5 B 1 0
0438 1 5 B 1 1
0439 0 2 N 0 0
0440 1 1 N 0 1
0441 1 5 B 1 0
0442 1 5 B 1 0
0443 0 1 N 0 1
0444 1 5 B 2 0
0445 1 5 B 1 0
0446 1 5 B 1 0
0447 1 1 N 0 1
0448 1 5 B 1 0
0449 1 5 B 1 0
0450 0 4 B 1 0
0451 1 2 N 0 0
0452 1 5 B 1 0
0453 1 1 N 0 1
0454 0 2 N 0 0
0455 1 4 N 0 0
0456 1 2 N 0 1
0457 0 3 N 0 0
0458 1 5 B 1 0
0459 1 3 N 0 0
0460 1 5 B 1 0
0461 1 2 N 0 1
0462 0 2 N 0 0
0463 1 5 B 2 1
0464 0 2 N 0 0
0465 0 2 N 0 0
0466 0 2 N 0 0
0467 1 5 B 1 0
0468 1 3 N 0 0
0469 0 1 N 0 1
0470 0 1 N 0 1
0471 1 5 B 1 0
0472 1 3 N 0 0
0473 1 3 N 0 0
0474 0 4 N 0 0
0475 0 4 B 1 0
0476 1 5 B 1 0
0477 1 2 N 0 0
0478 1 2 N 0 0
0479 0 2 N 1 1
0480 0 2 N 0 1
0481 1 5 B 1 0
0482 1 4 N 0 0
0483 1 4 N 0 0
0484 1 5 B 1 0
0485 1 5 B 1 0
0486 1 5 B 1 0
0487 1 2 N 0 1
0488 1 4 N 0 0
0489 1 5 B 1 0
0490 1 4 N 0 0
0491 1 5 B 1 0
0492 1 5 B 2 0
0493 1 4 N 0 0
0494 1 5 B 1 0
0495 1 5 B 2 1
0496 0 2 N 0 0
0497 1 5 B 2 1
0498 1 5 B 1 0
0499 1 4 N 0 0
0500 0 2 N 0 0
0501 1 2 N 0 1
0502 1 4 N 0 0
0503 1 5 B 1 0
0504 0 4 N 0 0
0505 0 4 B 0 0
0506 1 5 B 1 0
0507 1 3 N 0 0
0508 0 2 N 0 0
0509 1 2 N 0 0
0510 0 2 N 0 0
0511 1 5 B 1 1
0512 1 3 N 0 0
0513 1 5 B 1 0
0514 1 2 N 0 1
0515 0 1 N 0 1
0516 1 4 N 0 0
0517 0 5 B 2 0
0518 1 5 B 1 0
0519 1 5 B 1 0
0520 1 2 N 0 0
0521 0 1 N 0 1
0522 1 1 N 0 1
0523 1 4 B 1 0
0524 1 3 N 0 0
0525 0 2 N 0 0
0526 0 2 N 0 1
0527 1 2 N 0 0
0528 0 4 B 1 0
0529 0 1 N 0 1
0530 1 5 B 1 0
0531 1 5 B 1 1
0532 1 5 B 2 1
0533 1 3 N 0 0
0534 1 4 N 0 0
0535 1 5 B 2 0
0536 1 5 B 1 0
0537 1 3 N 0 0
0538 1 5 B 1 0
0539 1 5 B 1 0
0540 1 5 B 2 1
0541 1 5 B 1 0
0542 1 1 N 0 1
0543 1 3 N 0 0
0544 1 5 B 1 0
0545 1 5 B 1 1
0546 1 5 B 1 0
0547 1 5 B 1 0
0548 0 2 N 0 1
0549 0 1 N 0 1
0550 0 3 N 0 0
0551 1 3 N 0 0
0552 1 3 N 0 0
0553 1 4 B 0 0
0554 0 2 N 0 0
0555 1 5 B 1 0
0556 0 2 N 0 1
0557 1 5 B 1 1
0558 1 4 N 0 0
0559 0 2 N 0 1
0560 0 2 N 0 0
0561 0 1 N 0 1
0562 0 4 N 0 0
0563 1 2 N 0 0
0564 1 3 N 0 0
0565 1 2 N 0 1
0566 1 3 N 0 0
0567 1 5 B 1 0
0568 1 4 N 0 0
0569 1 5 B 2 0
0570 1 5 B 2 1
0571 1 5 B 2 0
0572 0 1 N 0 1
0573 1 5 B 2 0
0574 1 5 B 1 0
0575 1 3 N 0 0
0576 1 4 N 0 0
0577 1 3 N 0 1
0578 1 2 N 0 1
0579 0 3 N 1 0
0580 1 4 B 1 0
0581 1 5 B 1 0
0582 1 2 N 0 0
0583 1 4 N 0 0
0584 1 5 B 2 1
0585 1 5 B 1 0
0586 1 4 N 0 0
0587 0 5 B 1 0
0588 0 1 N 0 1
0589 0 2 N 1 1
0590 0 2 N 0 0
0591 1 5 B 1 0
0592 0 3 N 0 0
0593 1 5 B 1 0
0594 1 4 N 0 0
0595 1 5 B 2 1
0596 1 5 B 1 0
0597 1 1 N 0 1
0598 1 4 N 0 0
0599 1 5 B 2 1
0600 0 1 N 0 1
