0901 0 2 N 0 0
0902 1 5 B 1 0
0903 1 3 N 0 1
0904 1 5 B 1 0
0905 1 2 N 0 0
0906 1 5 B 2 1
0907 1 5 B 1 1
0908 1 4 N 0 0
0909 1 2 N 1 0
0910 1 4 N 0 0
0911 0 2 N 0 0
0912 1 5 B 1 0
0913 1 5 B 1 0
0914 1 4 B 1 0
0915 1 5 B 1 0
0916 1 5 B 1 0
0917 0 3 N 0 1
0918 1 3 N 0 0
0919 0 1 N 0 1
0920 1 2 N 0 1
0921 1 3 N 0 0
0922 1 5 B 1 0
0923 1 5 B 1 0
0924 1 1 N 0 1
0925 1 5 B 0 0
0926 1 5 B 2 1
0927 0 4 B 0 0
0928 0 4 B 0 0
0929 1 3 N 1 0
0930 1 4 N 0 0
0931 1 5 B 1 0
0932 1 3 N 0 0
0933 1 4 N 0 0
0934 0 4 B 1 0
0935 1 4 N 0 0
0936 1 5 B 1 1
0937 1 5 B 2 1
0938 0 2 N 0 0
0939 0 1 N 0 1
0940 1 5 B 1 0
0941 1 4 N 0 0
0942 1 5 B 1 0
0943 1 2 N 0 1
0944 1 3 N 0 0
0945 0 2 N 0 1
0946 1 4 N 0 0
0947 1 4 B 0 0
0948 1 4 N 1 0
0949 1 5 B 2 1
0950 1 5 B 1 1
0951 1 1 N 0 1
0952 1 3 N 0 0
0953 1 4 N 0 0
0954 1 5 B 1 0
0955 1 5 B 1 0
0956 1 5 B 1 0
0957 1 4 N 0 0
0958 1 5 B 1 0
0959 1 2 N 0 0
0960 0 1 N 0 1
0961 1 5 B 1 0
0962 0 1 N 0 1
0963 0 1 N 0 1
0964 1 3 N 0 0
0965 1 5 B 1 1
0966 0 1 N 0 1
0967 0 1 N 0 1
0968 1 2 N 1 1
0969 1 3 N 0 0
0970 1 5 B 1 0
0971 0 2 N 0 0
0972 1 5 B 2 1
0973 1 5 B 1 0
0974 1 5 B 1 0
0975 1 5 B 2 1
0976 1 5 B 1 0
0977 1 3 N 0 0
0978 1 5 B 1 0
0979 1 3 N 0 1
0980 1 5 B 1 0
0981 1 5 B 2 0
0982 1 3 N 0 0
0983 0 3 N 0 0
0984 1 4 B 1 0
0985 1 5 B 1 0
0986 1 5 B 1 0
0987 0 1 N 0 1
0988 0 1 N 0 1
0989 1 3 N 1 0
0990 1 2 N 1 1
0991 1 4 N 0 0
0992 1 5 B 1 0
0993 1 5 B 1 0
0994 1 5 B 1 0
0995 1 5 B 1 0
0996 1 5 B 1 0
0997 1 3 N 0 0
0998 1 2 N 0 1
0999 1 3 N 1 0
1000 1 5 B 1 0
1001 1 5 B 2 1
1002 1 4 N 0 0
1003 0 3 N 0 0
1004 0 2 N 0 0
1005 0 3 N 0 0
1006 1 5 B 1 0
1007 1 4 N 0 0
1008 1 2 N 0 1
1009 1 3 N 0 0
1010 1 3 N 0 0
1011 1 4 B 1 0
1012 1 5 B 1 0
1013 1 2 N 0 0
1014 0 2 N 0 0
1015 1 5 B 1 0
1016 0 3 N 1 0
1017 1 5 B 1 0
1018 1 5 B 1 0
1019 1 5 N 0 0
1020 1 5 B 1 0
1021 1 5 B 1 1
1022 1 5 B 1 0
1023 1 5 B 1 0
1024 1 5 B 2 1
1025 1 4 B 0 0
1026 1 5 B 1 0
1027 1 1 N 0 1
1028 1 2 N 0 1
1029 1 2 N 0 1
1030 1 2 N 0 1
1031 1 4 N 1 0
1032 1 4 N 0 0
1033 1 4 N 0 0
1034 1 4 N 0 0
1035 1 4 N 0 0
1036 1 5 B 2 1
1037 1 5 B 1 0
1038 1 2 N 0 0
1039 1 3 N 0 0
1040 1 4 N 0 0
1041 1 5 B 1 0
1042 1 3 N 0 0
1043 1 5 B 1 0
1044 1 5 B 1 0
1045 1 1 N 0 1
1046 1 4 N 0 0
1047 1 4 B 1 0
1048 1 3 N 0 0
1049 1 1 N 0 1
1050 1 5 B 2 1
1051 1 4 N 0 0
1052 1 5 B 1 0
1053 1 4 N 0 0
1054 0 4 N 0 0
1055 1 5 B 1 1
1056 1 3 N 0 0
1057 1 3 N 1 0
1058 0 1 N 0 1
1059 0 1 N 0 1
1060 1 5 B 1 1
1061 1 4 B 0 0
1062 1 5 N 0 0
1063 0 1 N 0 1
1064 1 2 N 0 0
1065 1 5 B 1 0
1066 1 3 N 0 0
1067 1 5 B 1 0
1068 1 2 N 0 1
1069 1 5 B 1 0
1070 1 5 B 1 0
1071 1 2 N 1 1
1072 1 2 N 0 0
1073 1 5 B 1 0
1074 1 5 B 1 0
1075 1 4 N 0 0
1076 1 4 N 1 0
1077 1 2 N 0 0
1078 1 5 B 1 0
1079 1 4 N 1 0
1080 1 5 B 1 0
1081 1 4 N 0 0
1082 1 4 B 1 0
1083 1 4 N 0 0
1084 1 4 N 1 0
1085 1 3 N 0 0
1086 1 5 B 1 0
1087 0 2 N 0 0
1088 0 2 N 0 0
1089 1 4 N 0 0
1090 0 2 N 0 0
1091 1 4 N 0 0
1092 0 3 N 0 0
1093 1 4 N 0 0
1094 1 4 N 0 0
1095 1 5 B 1 0
1096 1 4 B 1 0
1097 1 4 N 0 0
1098 0 5 B 1 0
1099 1 5 B 1 1
1100 0 2 N 0 1
1101 1 3 N 0 0
1102 1 2 N 0 1
1103 1 3 N 0 0
1104 1 5 B 1 0
1105 1 5 B 1 1
1106 0 4 N 0 0
1107 1 4 N 0 0
1108 0 4 N 1 0
1109 1 5 B 1 1
1110 0 1 N 0 1
1111 1 5 B 1 0
1112 1 3 N 0 0
1113 1 5 B 1 0
1114 1 1 N 0 1
1115 1 4 N 0 0
1116 1 5 B 1 0
1117 1 3 N 0 0
1118 1 5 B 1 0
1119 1 5 B 2 1
1120 1 2 N 0 1
1121 1 5 B 1 0
1122 1 5 B 2 1
1123 1 2 N 0 1
1124 1 3 N 0 0
1125 0 2 N 0 0
1126 0 4 B 1 0
1127 1 3 N 0 0
1128 1 3 N 0 1
1129 1 5 B 1 0
1130 0 1 N 0 1
1131 1 5 B 1 1
1132 1 4 N 0 0
1133 1 4 N 0 0
1134 1 3 N 0 0
1135 1 4 N 0 0
1136 1 4 B 1 0
1137 0 2 N 0 0
1138 0 2 N 0 0
1139 1 2 N 1 1
1140 1 4 N 0 0
1141 1 5 B 1 0
1142 1 5 B 1 0
1143 1 5 B 1 0
1144 1 5 B 1 1
1145 1 5 B 1 0
1146 1 5 B 2 0
1147 1 5 B 1 0
1148 1 1 N 0 1
1149 1 5 B 1 0
1150 1 1 N 0 1
1151 1 5 B 1 0
1152 1 4 N 0 0
1153 1 3 N 0 0
1154 1 3 N 0 0
1155 1 5 B 1 0
1156 1 3 N 0 0
1157 0 3 N 0 0
1158 1 5 B 1 0
1159 1 5 B 1 1
1160 1 1 N 1 1
1161 1 3 N 0 0
1162 1 5 B 1 0
1163 1 5 B 1 0
1164 1 5 B 1 0
1165 1 3 N 1 0
1166 0 5 B 1 0
1167 1 5 B 1 0
1168 1 5 B 1 0
1169 1 2 N 0 0
1170 1 3 N 0 0
1171 1 5 B 1 0
1172 0 2 N 0 1
1173 0 1 N 0 1
1174 1 3 N 0 0
1175 1 1 N 0 1
1176 1 3 N 0 0
1177 1 5 B 1 0
1178 1 2 N 0 1
1179 1 4 N 0 0
1180 1 4 N 1 0
1181 1 5 B 1 1
1182 1 4 N 0 0
1183 1 3 N 0 0
1184 1 4 N 0 0
1185 1 3 N 0 1
1186 1 5 B 1 0
1187 1 5 B 1 0
1188 1 2 N 0 1
1189 0 3 N 0 1
1190 0 1 N 0 1
1191 1 3 N 0 0
1192 1 3 N 1 0
1193 1 5 B 1 0
1194 0 2 N 0 0
1195 1 5 B 1 0
1196 0 2 N 0 0
1197 0 1 N 0 1
1198 1 5 B 1 0
1199 1 5 B 2 1
1200 1 4 N 1 1
