0601 1 4 B 1 0
0602 1 2 N 0 0
0603 1 4 N 0 0
0604 1 4 N 0 0
0605 1 2 N 0 0
0606 1 5 B 2 1
0607 1 5 B 2 1
0608 1 2 N 0 0
0609 1 5 B 1 0
0610 0 3 N 0 0
0611 1 2 N 0 0
0612 1 4 N 0 0
0613 1 5 B 1 0
0614 1 5 B 1 0
0615 1 3 N 0 0
0616 1 4 B 1 0
0617 1 4 B 1 0
0618 0 1 N 0 1
0619 1 5 B 1 0
0620 1 5 B 1 0
0621 1 4 N 0 0
0622 1 3 N 0 0
0623 1 5 B 1 0
0624 0 1 N 0 0
0625 1 5 B 1 0
0626 0 1 N 0 0
0627 1 5 B 1 1
0628 1 4 N 0 0
0629 1 5 B 2 0
0630 1 5 B 1 0
0631 1 5 B 1 0
0632 1 4 N 1 0
0633 1 3 N 0 0
0634 1 5 B 2 1
0635 0 2 N 0 0
0636 1 4 B 1 0
0637 1 5 B 2 1
0638 1 3 N 0 0
0639 0 4 B 1 0
0640 1 3 N 0 0
0641 1 5 B 1 0
0642 1 1 N 0 1
0643 1 5 B 2 0
0644 1 4 B 1 0
0645 0 1 N 0 1
0646 0 2 N 1 0
0647 1 4 N 0 0
0648 0 2 N 1 0
0649 1 3 N 1 0
0650 0 1 N 0 0
0651 1 3 N 0 0
0652 1 4 B 1 0
0653 1 5 B 1 0
0654 1 5 B 1 0
0655 1 3 N 0 0
0656 1 5 B 1 0
0657 0 3 N 0 0
0658 1 5 B 1 0
0659 1 2 N 1 1
0660 0 1 N 0 0
0661 1 5 B 2 1
0662 1 4 N 0 0
0663 1 4 B 1 0
0664 1 5 B 2 1
0665 1 4 B 1 0
0666 1 2 N 0 0
0667 1 4 N 0 0
0668 1 5 B 1 1
0669 1 2 N 0 0
0670 1 4 B 1 0
0671 1 1 N 0 0
0672 0 2 N 0 0
0673 1 3 N 0 0
0674 1 4 N 0 0
0675 1 5 B 1 0
0676 1 5 B 1 0
0677 1 4 N 0 0
0678 1 3 N 0 0
0679 1 2 N 0 0
0680 1 2 N 0 0
0681 0 1 N 0 1
0682 1 5 B 1 0
0683 1 5 B 1 0
0684 1 5 B 1 1
0685 1 4 B 1 1
0686 1 2 N 0 0
0687 0 2 N 0 0
0688 1 2 N 0 0
0689 1 5 B 1 0
0690 1 3 N 0 0
0691 1 5 B 2 0
0692 1 4 N 0 0
0693 1 2 N 0 0
0694 1 4 B 1 0
0695 1 5 B 2 1
0696 1 5 B 1 0
0697 0 3 B 0 0
0698 1 4 N 1 0
0699 1 5 B 2 0
0700 1 5 B 1 0
0701 1 4 N 0 0
0702 0 1 N 0 0
0703 1 2 N 0 0
0704 1 5 B 2 1
0705 1 3 N 1 0
0706 1 1 N 0 1
0707 1 5 B 1 0
0708 1 5 B 2 1
0709 1 4 B 1 0
0710 1 4 N 0 0
0711 1 5 B 2 0
0712 1 4 N 0 0
0713 1 5 B 2 0
0714 0 4 B 1 0
0715 0 3 N 0 0
0716 0 3 N 0 0
0717 1 3 N 0 0
0718 1 2 N 0 0
0719 0 1 N 0 1
0720 1 5 B 1 0
0721 0 2 N 0 0
0722 1 5 B 2 1
0723 1 5 B 1 0
0724 1 5 B 1 0
0725 0 3 N 0 0
0726 1 3 N 0 0
0727 1 5 B 1 0
0728 1 5 B 2 0
0729 1 5 B 1 0
0730 1 3 N 0 0
0731 1 4 N 0 0
0732 1 5 B 1 0
0733 0 4 N 0 0
0734 1 5 B 1 1
0735 1 4 B 1 0
0736 1 2 N 0 0
0737 1 4 N 0 0
0738 0 2 N 0 1
0739 1 4 B 0 0
0740 0 1 N 0 1
0741 1 2 N 0 0
0742 1 3 N 0 0
0743 1 4 N 0 0
0744 1 1 N 0 1
0745 1 3 N 0 0
0746 1 4 B 1 0
0747 1 1 N 0 1
0748 1 5 N 0 0
0749 1 2 N 0 0
0750 1 3 N 0 0
0751 1 5 B 2 1
0752 1 5 B 1 0
0753 1 4 N 0 0
0754 1 5 B 1 0
0755 1 1 N 0 0
0756 1 2 N 0 1
0757 1 5 B 1 0
0758 1 3 N 0 0
0759 1 2 N 0 0
0760 1 3 N 0 0
0761 1 4 B 1 0
0762 1 3 N 0 0
0763 1 4 N 0 0
0764 1 2 N 0 0
0765 1 1 N 0 1
0766 1 5 B 2 1
0767 1 5 B 1 0
0768 1 3 N 0 0
0769 1 4 B 1 0
0770 0 2 N 0 0
0771 0 1 N 0 1
0772 1 3 N 0 0
0773 1 4 N 0 0
0774 1 1 N 0 1
0775 0 2 N 0 0
0776 0 1 N 0 1
0777 1 5 B 1 0
0778 1 4 N 0 0
0779 1 2 N 0 0
0780 0 1 N 0 1
0781 1 5 B 1 0
0782 1 5 B 1 0
0783 1 5 B 1 0
0784 1 4 N 0 0
0785 1 3 N 0 0
0786 1 4 B 1 0
0787 1 3 N 0 0
0788 1 2 N 0 0
0789 1 3 N 0 0
0790 1 3 N 0 0
0791 1 4 N 0 0
0792 0 2 N 0 0
0793 1 2 N 1 0
0794 1 4 N 0 0
0795 1 5 B 1 0
0796 1 3 N 1 0
0797 1 4 N 0 0
0798 1 5 B 1 0
0799 1 1 N 0 1
0800 1 4 N 0 0
0801 0 2 N 0 0
0802 1 4 N 0 0
0803 1 5 B 1 0
0804 1 4 N 0 0
0805 1 4 N 0 0
0806 0 1 N 0 1
0807 1 3 N 0 0
0808 1 5 B 2 1
0809 1 2 N 0 0
0810 1 5 B 1 0
0811 1 4 N 0 0
0812 1 3 N 0 0
0813 1 4 N 0 0
0814 1 5 B 2 1
0815 1 3 N 0 0
0816 1 3 N 0 0
0817 1 3 N 1 0
0818 1 3 N 0 0
0819 1 4 N 0 0
0820 1 5 B 1 0
0821 1 5 B 1 0
0822 1 4 N 0 0
0823 1 2 N 0 0
0824 1 5 B 1 0
0825 1 5 B 1 0
0826 1 5 B 2 1
0827 0 3 N 1 1
0828 0 2 N 0 1
0829 1 5 B 1 0
0830 1 5 B 2 0
0831 1 4 B 1 0
0832 1 5 B 1 0
0833 1 5 B 2 1
0834 0 1 N 0 1
0835 0 1 N 0 0
0836 1 5 B 1 0
0837 1 3 N 0 0
0838 1 1 N 0 1
0839 1 5 B 1 0
0840 1 5 B 1 0
0841 1 4 B 1 0
0842 1 2 N 0 0
0843 1 5 B 1 0
0844 1 4 N 0 0
0845 1 2 N 0 0
0846 0 3 N 1 0
0847 1 5 B 1 0
0848 1 1 N 0 1
0849 1 5 B 1 0
0850 1 3 N 0 0
0851 1 1 N 0 1
0852 1 5 B 1 0
0853 0 1 N 0 0
0854 1 2 N 0 0
0855 1 3 N 0 0
0856 1 5 B 1 0
0857 1 3 N 1 0
0858 1 5 B 2 0
0859 0 1 N 0 1
0860 1 5 B 1 1
0861 1 5 B 2 0
0862 1 5 B 1 0
0863 1 1 N 0 1
0864 0 1 N 0 1
0865 1 1 N 0 0
0866 0 2 N 0 1
0867 1 1 N 0 1
0868 1 3 N 0 0
0869 1 5 B 1 0
0870 1 3 N 0 0
0871 1 4 B 1 0
0872 1 4 N 0 0
0873 1 5 B 1 1
0874 1 2 N 0 0
0875 1 5 B 1 1
0876 1 3 N 0 0
0877 1 5 B 1 0
0878 1 5 B 1 0
0879 1 4 N 0 0
0880 1 5 B 1 0
0881 1 3 N 0 0
0882 0 4 B 1 0
0883 1 4 N 1 0
0884 1 3 N 0 0
0885 1 2 N 0 0
0886 1 5 B 2 1
0887 1 5 B 1 0
0888 1 3 N 0 0
0889 0 1 N 0 0
0890 1 3 N 0 0
0891 1 3 N 0 0
0892 1 3 N 0 0
0893 1 4 N 0 0
0894 1 4 B 1 0
0895 0 3 N 0 0
0896 1 3 N 0 0
0897 1 4 N 0 0
0898 1 2 N 0 0
0899 1 1 N 0 1
0900 1 4 N 0 0
