0001 1 4 N 0 0
0002 1 4 B 1 0
0003 0 2 N 1 1
0004 0 3 N 0 0
0005 0 2 N 1 0
0006 1 5 B 1 0
0007 1 5 B 1 0
0008 1 5 B 1 0
0009 0 2 N 0 0
0010 1 5 B 2 1
0011 1 2 N 0 0
0012 0 5 B 1 0
0013 1 5 B 1 1
0014 0 2 N 0 0
0015 1 2 N 1 0
0016 0 2 N 0 0
0017 0 1 N 0 1
0018 1 2 N 0 1
0019 1 4 N 0 0
0020 1 5 B 1 0
0021 1 5 B 1 0
0022 1 5 B 1 0
0023 0 1 N 0 1
0024 1 3 N 0 0
0025 1 5 B 1 0
0026 0 5 B 1 0
0027 0 1 N 0 1
0028 1 3 N 1 0
0029 1 5 B 2 1
0030 1 5 B 1 1
0031 1 5 B 1 1
0032 1 5 B 1 0
0033 1 3 B 1 0
0034 1 1 N 0 1
0035 1 5 B 1 0
0036 1 4 N 1 0
0037 1 1 N 0 1
0038 1 3 N 0 0
0039 1 5 B 1 0
0040 1 4 B 1 0
0041 0 1 N 0 1
0042 1 5 B 1 0
0043 1 4 B 1 0
0044 1 5 B 1 0
0045 0 2 N 0 0
0046 1 5 B 1 0
0047 1 1 N 0 1
0048 0 1 N 0 1
0049 1 3 N 0 0
0050 0 2 N 0 0
0051 1 5 B 1 0
0052 1 5 B 1 0
0053 1 2 N 0 0
0054 1 4 B 1 0
0055 1 1 N 0 1
0056 1 5 B 2 1
0057 1 2 N 0 0
0058 1 5 B 1 1
0059 0 2 N 0 0
0060 0 3 N 0 0
0061 0 3 N 1 0
0062 1 5 B 1 0
0063 1 4 B 1 0
0064 1 3 N 0 0
0065 1 2 N 0 0
0066 1 2 N 0 0
0067 0 3 N 0 0
0068 0 1 N 0 1
0069 1 3 N 0 0
0070 0 1 N 0 1
0071 1 4 N 0 0
0072 1 3 N 0 0
0073 0 3 N 0 0
0074 1 3 N 0 0
0075 1 5 B 1 0
0076 1 5 B 1 0
0077 1 5 B 2 0
0078 0 1 N 0 1
0079 1 3 N 0 0
0080 1 1 N 0 1
0081 1 5 B 1 0
0082 1 4 B 1 0
0083 1 5 B 1 0
0084 1 1 N 0 1
0085 1 5 B 1 0
0086 1 5 B 1 0
0087 1 5 B 1 0
0088 1 5 B 1 0
0089 1 3 N 0 0
0090 1 4 B 1 0
0091 0 2 N 0 0
0092 1 4 N 0 0
0093 0 1 N 0 1
0094 1 5 B 1 0
0095 1 5 B 1 0
0096 1 5 B 2 1
0097 1 5 B 1 0
0098 1 5 B 1 0
0099 0 3 N 0 0
0100 1 4 N 0 0
0101 1 4 N 0 0
0102 1 4 N 0 0
0103 1 4 B 1 0
0104 1 4 N 0 0
0105 1 5 B 1 0
0106 0 1 N 0 1
0107 1 2 N 0 1
0108 0 1 N 0 1
0109 1 4 B 1 1
0110 0 2 N 0 0
0111 0 1 N 0 1
0112 1 4 N 0 0
0113 1 4 B 1 0
0114 1 4 B 1 0
0115 1 1 N 0 1
0116 0 1 N 0 1
0117 0 2 N 0 0
0118 0 3 N 1 0
0119 0 3 N 0 0
0120 1 5 B 2 0
0121 1 5 B 1 0
0122 0 3 N 0 0
0123 1 4 N 0 0
0124 1 5 B 1 1
0125 1 5 B 1 1
0126 1 5 B 1 0
0127 1 1 N 0 1
0128 1 5 B 1 0
0129 1 1 N 0 1
0130 1 3 N 0 0
0131 0 2 N 0 1
0132 1 3 N 1 0
0133 1 5 B 1 0
0134 1 2 N 0 0
0135 0 1 N 0 1
0136 1 4 B 1 1
0137 1 4 B 1 0
0138 0 1 N 0 1
0139 1 5 B 1 0
0140 1 4 N 0 0
0141 1 2 N 0 0
0142 1 5 B 2 1
0143 1 5 B 1 0
0144 1 4 N 0 0
0145 1 3 N 0 0
0146 0 1 N 0 0
0147 0 2 N 0 0
0148 0 2 N 0 0
0149 1 4 B 1 0
0150 1 3 N 0 0
0151 1 4 B 1 0
0152 0 2 N 0 0
0153 0 2 N 0 0
0154 1 5 B 1 0
0155 1 3 N 0 0
0156 1 3 N 0 0
0157 1 5 B 1 0
0158 1 5 B 2 0
0159 1 5 B 1 0
0160 1 5 B 1 0
0161 1 3 N 0 0
0162 1 1 N 0 1
0163 0 2 N 0 0
0164 1 4 N 0 0
0165 1 4 B 1 0
0166 0 1 N 0 1
0167 1 5 B 1 0
0168 1 2 N 0 0
0169 1 5 B 1 0
0170 0 3 N 0 0
0171 1 4 N 0 0
0172 1 4 B 1 0
0173 1 2 N 0 0
0174 1 4 N 0 0
0175 0 1 N 0 1
0176 1 5 B 2 0
0177 0 2 N 0 0
0178 1 3 N 0 0
0179 1 2 N 0 1
0180 0 2 N 0 1
0181 1 4 B 1 0
0182 1 2 N 0 0
0183 1 3 N 0 0
0184 1 5 B 1 1
0185 1 2 N 0 1
0186 1 5 B 1 0
0187 1 3 N 0 0
0188 1 2 N 0 1
0189 1 2 N 1 0
0190 1 5 B 2 1
0191 1 5 B 1 0
0192 1 3 N 0 0
0193 1 3 N 0 0
0194 1 5 B 1 0
0195 1 5 B 1 0
0196 1 5 B 1 0
0197 0 5 B 1 0
0198 1 2 N 1 0
0199 1 2 N 0 1
0200 1 4 N 0 0
0201 1 4 N 0 0
0202 1 5 B 1 0
0203 1 5 B 2 0
0204 0 1 N 0 1
0205 0 1 N 0 1
0206 1 5 B 1 0
0207 1 4 N 0 0
0208 1 5 B 2 1
0209 1 3 N 0 0
0210 1 5 B 1 0
0211 1 5 B 1 1
0212 1 5 B 1 0
0213 1 4 N 0 0
0214 0 1 N 0 1
0215 1 2 N 1 0
0216 1 2 N 1 0
0217 1 5 B 2 0
0218 0 2 N 0 0
0219 1 4 B 1 0
0220 1 5 B 1 0
0221 0 2 N 0 0
0222 1 1 N 0 1
0223 1 4 N 1 0
0224 1 4 B 1 0
0225 1 4 B 1 0
0226 0 1 N 0 1
0227 1 5 B 1 0
0228 0 4 N 0 0
0229 1 5 B 2 1
0230 1 4 N 0 0
0231 1 5 B 1 0
0232 1 5 B 1 1
0233 1 5 B 1 0
0234 1 2 N 0 0
0235 1 5 B 1 0
0236 1 1 N 0 1
0237 1 4 B 1 0
0238 1 5 B 1 0
0239 0 3 N 0 0
0240 0 2 N 1 1
0241 0 1 N 0 1
0242 1 3 N 0 0
0243 1 5 B 1 0
0244 1 5 B 2 0
0245 1 5 B 1 0
0246 1 5 B 1 0
0247 1 5 B 1 0
0248 0 4 B 1 0
0249 1 5 B 2 1
0250 1 5 B 1 0
0251 1 3 N 0 0
0252 1 4 N 0 0
0253 1 4 N 0 0
0254 0 1 N 0 1
0255 1 3 N 0 0
0256 1 3 N 0 0
0257 1 3 N 0 0
0258 1 5 B 1 0
0259 1 5 B 1 0
0260 1 5 B 1 0
0261 1 4 N 0 0
0262 1 1 N 0 1
0263 0 1 N 0 1
0264 1 5 B 1 0
0265 1 3 N 0 0
0266 1 3 N 0 0
0267 1 5 B 1 0
0268 0 1 N 0 1
0269 0 2 N 0 0
0270 1 5 B 2 1
0271 1 2 N 1 0
0272 1 5 B 1 0
0273 1 5 B 1 0
0274 1 5 B 1 0
0275 1 5 B 1 0
0276 1 2 N 0 1
0277 1 5 B 1 0
0278 1 5 B 2 1
0279 1 2 N 0 1
0280 1 4 N 0 0
0281 1 4 B 1 0
0282 1 2 N 0 0
0283 0 2 N 0 1
0284 1 5 B 2 0
0285 1 5 B 1 0
0286 1 3 N 0 0
0287 1 1 N 0 1
0288 1 5 B 1 0
0289 1 5 B 2 0
0290 1 5 B 2 0
0291 1 5 B 2 0
0292 0 1 N 0 1
0293 1 3 N 1 0
0294 1 1 N 0 1
0295 1 4 N 0 0
0296 1 5 B 2 0
0297 1 1 N 0 1
0298 1 2 N 0 0
0299 1 5 B 1 0
0300 1 5 B 1 0
