1501 1 3 N 0 0
1502 1 5 B 1 0
1503 0 3 N 0 0
1504 1 4 N 0 0
1505 1 5 B 1 0
1506 1 3 N 0 0
1507 1 4 B 1 0
1508 1 5 B 2 0
1509 1 5 B 1 1
1510 1 5 B 1 0
1511 0 2 N 0 1
1512 1 5 B 0 0
1513 1 4 B 0 0
1514 1 5 B 2 0
1515 1 5 B 1 1
1516 1 4 N 0 0
1517 1 4 N 1 0
1518 1 3 N 0 0
1519 1 4 N 1 0
1520 1 5 B 1 0
1521 0 1 N 0 0
1522 0 3 N 0 0
1523 1 4 B 0 0
1524 1 5 B 2 0
1525 1 4 B 0 0
1526 1 4 B 0 0
1527 1 3 N 0 0
1528 1 5 B 2 0
1529 1 5 B 0 0
1530 0 2 N 0 1
1531 1 2 N 0 0
1532 1 4 N 1 0
1533 0 4 B 0 0
1534 1 4 B 0 0
1535 1 4 B 0 0
1536 1 4 N 0 0
1537 1 5 B 1 0
1538 1 5 B 1 0
1539 0 3 N 0 0
1540 1 4 N 0 0
1541 0 2 N 0 0
1542 0 4 N 0 0
1543 1 5 B 1 0
1544 1 2 N 0 0
1545 1 2 N 0 0
1546 1 3 N 0 0
1547 1 5 B 2 0
1548 1 3 N 0 0
1549 1 2 N 0 0
1550 1 5 B 0 0
1551 0 2 N 0 0
1552 1 3 N 0 0
1553 1 4 B 1 0
1554 1 4 B 0 0
1555 1 4 B 1 0
1556 1 5 B 1 0
1557 1 3 N 0 0
1558 0 1 N 0 1
1559 0 2 N 0 0
1560 1 5 B 2 0
1561 1 2 N 0 0
1562 0 1 N 0 1
1563 1 3 N 0 0
1564 1 5 B 2 1
1565 1 5 B 2 0
1566 1 5 B 1 0
1567 1 4 N 1 0
1568 1 2 N 0 1
1569 1 5 B 0 0
1570 0 1 N 0 0
1571 1 5 B 0 0
1572 1 5 B 1 0
1573 1 5 B 1 0
1574 1 3 N 0 0
1575 1 4 N 0 0
1576 1 4 B 0 0
1577 0 2 N 0 0
1578 1 3 N 0 0
1579 1 4 N 0 0
1580 1 3 N 0 0
1581 0 1 N 0 1
1582 1 5 B 2 0
1583 1 2 N 0 0
1584 1 3 N 0 0
1585 1 5 B 1 0
1586 1 3 N 0 0
1587 1 4 B 0 0
1588 1 5 B 1 0
1589 1 3 N 0 0
1590 1 2 N 0 0
1591 0 1 N 0 1
1592 1 3 N 0 0
1593 1 5 B 1 0
1594 1 5 B 1 0
1595 1 3 N 0 0
1596 1 5 B 2 0
1597 0 2 N 0 0
1598 1 4 B 1 0
1599 1 4 B 0 0
1600 1 1 N 0 0
1601 1 5 B 1 0
1602 1 4 N 0 0
1603 1 5 B 1 0
1604 1 4 B 0 0
1605 1 4 B 0 0
1606 1 3 N 0 0
1607 1 3 N 0 0
1608 0 2 N 0 0
1609 1 5 B 2 0
1610 1 4 B 1 1
1611 1 5 B 1 0
1612 1 5 B 0 1
1613 1 4 N 0 0
1614 0 1 N 0 1
1615 1 3 N 0 0
1616 1 4 N 0 0
1617 1 3 N 0 0
1618 0 1 N 0 1
1619 0 3 N 0 0
1620 1 4 N 0 0
1621 1 3 N 0 0
1622 1 2 N 0 0
1623 1 4 N 0 0
1624 1 5 B 2 1
1625 1 4 N 0 0
1626 1 2 N 0 0
1627 1 5 B 0 0
1628 1 5 B 2 0
1629 1 4 N 0 0
1630 0 1 N 0 1
1631 1 5 B 1 0
1632 0 2 N 0 0
1633 1 3 N 0 0
1634 1 3 N 0 0
1635 0 3 N 0 1
1636 1 2 N 0 0
1637 1 3 N 0 0
1638 1 4 N 0 0
1639 0 2 N 0 0
1640 0 1 N 0 1
1641 1 3 N 0 0
1642 0 2 N 0 0
1643 0 1 N 0 1
1644 0 1 N 0 1
1645 1 4 N 0 0
1646 1 5 B 1 0
1647 1 3 N 0 0
1648 1 3 N 0 0
1649 1 5 B 1 1
1650 1 2 N 0 0
1651 1 3 N 0 0
1652 0 2 N 0 0
1653 1 3 N 0 0
1654 1 2 N 0 0
1655 0 1 N 0 1
1656 1 5 B 2 1
1657 0 2 N 0 0
1658 0 2 N 0 0
1659 0 1 N 0 1
1660 1 1 N 0 1
1661 0 2 N 0 0
1662 1 5 B 1 0
1663 1 5 B 2 0
1664 1 5 B 2 0
1665 0 2 N 1 1
1666 1 5 B 2 0
1667 1 5 B 1 0
1668 1 2 N 0 0
1669 1 3 N 1 1
1670 1 4 N 0 0
1671 1 2 N 0 1
1672 1 5 B 1 0
1673 0 1 N 0 1
1674 0 1 N 0 1
1675 1 4 B 0 0
1676 1 5 B 2 0
1677 0 2 N 0 0
1678 1 4 N 0 0
1679 0 4 N 0 0
1680 1 5 B 1 1
1681 1 4 B 0 1
1682 0 2 N 0 0
1683 1 5 B 1 0
1684 1 5 B 0 0
1685 1 2 N 0 0
1686 1 4 N 0 0
1687 0 1 N 0 1
1688 1 5 B 1 0
1689 1 4 B 1 0
1690 1 4 B 0 0
1691 1 3 N 0 0
1692 1 4 N 0 0
1693 0 2 N 0 0
1694 1 2 N 0 0
1695 1 5 B 2 0
1696 1 4 B 1 0
1697 1 3 N 0 0
1698 1 4 N 0 0
1699 1 4 B 1 0
1700 0 2 N 0 0
1701 0 4 B 1 0
1702 1 5 B 1 0
1703 0 3 N 0 0
1704 1 2 N 0 0
1705 0 1 N 0 0
1706 1 3 N 0 0
1707 0 1 N 0 1
1708 0 1 N 0 1
1709 1 4 N 0 0
1710 1 5 B 2 0
1711 1 5 B 1 0
1712 1 5 B 1 0
1713 1 2 N 0 0
1714 1 2 N 0 0
1715 1 5 B 2 1
1716 1 3 N 0 0
1717 0 4 B 0 0
1718 1 3 N 0 0
1719 1 2 N 0 1
1720 1 5 B 2 1
1721 0 2 N 0 0
1722 1 4 B 0 0
1723 1 4 B 0 0
1724 1 3 N 0 0
1725 1 5 B 1 0
1726 1 5 B 1 0
1727 0 2 N 0 0
1728 1 5 B 2 0
1729 1 3 N 0 0
1730 1 3 N 0 0
1731 1 5 B 2 0
1732 1 5 B 1 0
1733 1 4 N 0 0
1734 1 5 B 1 0
1735 1 4 N 1 0
1736 1 5 B 2 0
1737 1 5 B 2 1
1738 0 3 N 0 0
1739 0 1 N 0 1
1740 1 3 N 0 0
1741 1 3 N 0 0
1742 0 2 N 0 0
1743 1 5 B 1 0
1744 1 4 B 0 0
1745 0 2 N 0 1
1746 0 2 N 0 0
1747 1 2 N 0 0
1748 0 1 N 0 1
1749 1 4 B 0 0
1750 1 4 N 0 0
1751 1 4 B 0 0
1752 1 5 B 2 1
1753 0 2 N 0 0
1754 0 2 N 0 0
1755 1 5 B 1 1
1756 0 4 B 0 0
1757 0 1 N 0 1
1758 1 5 B 1 0
1759 0 5 B 1 0
1760 1 5 B 1 1
1761 1 4 N 1 0
1762 1 3 N 0 0
1763 1 5 B 1 0
1764 0 3 N 0 0
1765 0 1 N 0 1
1766 0 1 N 0 1
1767 1 4 B 0 0
1768 1 4 B 1 0
1769 1 3 N 0 0
1770 1 2 N 0 0
1771 1 4 N 0 0
1772 0 2 N 0 0
1773 1 4 N 1 1
1774 1 4 B 0 0
1775 1 5 B 1 0
1776 0 1 N 0 1
1777 1 5 B 0 0
1778 1 4 B 0 0
1779 1 3 N 0 0
1780 1 5 B 1 0
1781 1 5 B 2 1
1782 1 5 B 1 0
1783 0 1 N 0 1
1784 1 4 N 0 0
1785 1 4 N 0 0
1786 1 5 B 1 0
1787 0 2 N 0 0
1788 0 3 N 0 0
1789 0 2 N 1 1
1790 1 5 B 1 0
1791 1 4 N 0 0
1792 1 3 N 0 0
1793 1 3 N 0 0
1794 1 4 B 1 0
1795 1 4 N 0 0
1796 1 3 N 0 0
1797 1 2 N 0 0
1798 1 3 N 0 0
1799 1 5 B 1 0
1800 1 5 B 1 0
